#filetype population_data
#format ave_fitness
#  
# Legend:
#  1: Average Fitness


0 
0 
0.249357 
0.242381 
0.238046 
0.237991 
0.239664 
0.242765 
0.242838 
0.242867 
0.244314 
0.245912 
0.2423 
0.241959 
0.24277 
0.241837 
0.236661 
0.238681 
0.241103 
0.24104 
0.240197 
0.239191 
0.240693 
0.235985 
0.238353 
0.240372 
0.236848 
0.238368 
0.236882 
0.23891 
0.240198 
0.238172 
0.239123 
0.237861 
0.2373 
0.234982 
0.23603 
0.236484 
0.240192 
0.241964 
0.245159 
0.248289 
0.245699 
0.241974 
0.245707 
0.246771 
0.246626 
0.245628 
0.24279 
0.243395 
0.249141 
0.252192 
0.249667 
0.252309 
0.248355 
0.248325 
0.246291 
0.248087 
0.25121 
0.253829 
0.253651 
0.252527 
0.253686 
0.250996 
0.25116 
0.250518 
0.25382 
0.25285 
0.254204 
0.251916 
0.253581 
0.247081 
0.247177 
0.245554 
0.242147 
0.242514 
0.242723 
0.245439 
0.249208 
0.253665 
0.247701 
0.247716 
0.24511 
0.249553 
0.248552 
0.249711 
0.249103 
0.248529 
0.252219 
0.250717 
0.249771 
0.253073 
0.252891 
0.255824 
0.252058 
0.241832 
0.245292 
0.247468 
0.247241 
0.248072 
0.334564 
0.36345 
0.415036 
0.508618 
0.617061 
0.701199 
0.813175 
0.902073 
0.966513 
1.02571 
1.05854 
1.113 
1.08591 
1.14253 
1.08939 
1.16381 
1.18796 
1.26773 
1.3501 
1.43312 
1.40072 
1.541 
1.52802 
1.61078 
1.66977 
1.6376 
1.69287 
1.57116 
1.64094 
1.78284 
1.75222 
1.91092 
1.90723 
2.01311 
2.00479 
2.11388 
2.1029 
1.95561 
1.98606 
2.10463 
1.97101 
2.06908 
1.97459 
1.82079 
1.86272 
1.80743 
