# Avida tasks data
# Thu Nov 17 16:53:38 2011
# First column gives the current update, next columns give the number
# of organisms that have the particular task as a component of their merit
#  1: Update
#  2: Not
#  3: Nand
#  4: And
#  5: OrNot
#  6: Or
#  7: AndNot
#  8: Nor
#  9: Xor
# 10: Equals

-1 0 0 0 0 0 0 0 0 0 
0 0 0 0 0 0 0 0 0 0 
14 0 0 0 0 0 0 0 0 0 
36 0 0 0 0 0 0 0 0 0 
49 0 0 0 0 0 0 0 0 0 
62 0 0 0 0 0 0 0 0 0 
74 0 0 0 0 0 0 0 0 0 
87 0 0 0 0 0 0 0 0 0 
99 0 0 0 0 0 0 0 0 0 
112 0 0 0 0 0 0 0 0 0 
123 0 0 0 0 0 0 0 0 0 
135 0 0 0 0 0 0 0 0 0 
147 0 0 0 0 0 0 0 0 0 
159 0 0 0 0 0 0 0 0 0 
173 0 0 0 0 0 0 0 0 0 
186 0 0 0 0 0 0 0 0 0 
198 0 0 0 0 0 0 0 0 0 
210 0 0 0 0 0 0 0 0 0 
221 0 0 0 0 0 0 0 0 0 
234 0 0 0 0 0 0 0 0 0 
247 0 0 0 0 0 0 0 0 0 
257 0 0 0 0 0 0 0 0 0 
271 0 0 0 0 0 0 0 0 0 
283 0 0 0 0 0 0 0 0 0 
298 0 0 0 0 0 0 0 0 0 
312 0 0 0 0 0 0 0 0 0 
325 0 0 0 0 0 0 0 0 0 
338 0 0 0 0 0 0 0 0 0 
350 0 0 0 0 0 0 0 0 0 
360 0 0 0 0 0 0 0 0 0 
374 0 0 0 0 0 0 0 0 0 
386 0 0 0 0 0 0 0 0 0 
400 0 0 0 0 0 0 0 0 0 
414 0 0 0 0 0 0 0 0 0 
429 0 0 0 0 0 0 0 0 0 
437 0 0 0 0 0 0 0 0 0 
446 0 0 0 0 0 0 0 0 0 
458 0 0 0 0 0 0 0 0 0 
471 0 0 0 0 0 0 0 0 0 
482 0 0 0 0 0 0 0 0 0 
497 0 0 0 0 0 0 0 0 0 
510 0 0 0 0 0 0 0 0 0 
521 0 0 0 0 0 0 0 0 0 
534 0 0 0 0 0 0 0 0 0 
549 0 0 0 0 0 0 0 0 0 
561 0 0 0 0 0 0 0 0 0 
574 0 0 0 0 0 0 0 0 0 
582 0 0 0 0 0 0 0 0 0 
594 0 0 0 0 0 0 0 0 0 
608 0 0 0 0 0 0 0 0 0 
620 0 0 0 0 0 0 0 0 0 
631 0 0 0 0 0 0 0 0 0 
644 0 0 0 0 0 0 0 0 0 
656 0 0 0 0 0 0 0 0 0 
669 0 0 0 0 0 0 0 0 0 
677 0 0 0 0 0 0 0 0 0 
692 0 0 0 0 0 0 0 0 0 
702 0 0 0 0 0 0 0 0 0 
712 0 0 0 0 0 0 0 0 0 
724 0 0 0 0 0 0 0 0 0 
735 0 0 0 0 0 0 0 0 0 
747 0 0 0 0 0 0 0 0 0 
759 0 0 0 0 0 0 0 0 0 
770 0 0 0 0 0 0 0 0 0 
779 0 0 0 0 0 0 0 0 0 
790 0 0 0 0 0 0 0 0 0 
802 0 0 0 0 0 0 0 0 0 
814 0 0 0 0 0 0 0 0 0 
829 0 0 0 0 0 0 0 0 0 
840 0 0 0 0 0 0 0 0 0 
851 0 0 0 0 0 0 0 0 0 
862 0 0 0 0 0 0 0 0 0 
874 0 0 0 0 0 0 0 0 0 
887 0 0 0 0 0 0 0 0 0 
901 0 0 0 0 0 0 0 0 0 
916 0 0 0 0 0 0 0 0 0 
931 0 0 0 0 0 0 0 0 0 
943 0 0 0 0 0 0 0 0 0 
955 0 0 0 0 0 0 0 0 0 
963 0 0 0 0 0 0 0 0 0 
976 0 0 0 0 0 0 0 0 0 
990 0 0 0 0 0 0 0 0 0 
1000 0 0 0 0 0 0 0 0 0 
1011 0 0 0 0 0 0 0 0 0 
1021 0 0 0 0 0 0 0 0 0 
1030 0 0 0 0 0 0 0 0 0 
1042 0 0 0 0 0 0 0 0 0 
1052 0 0 0 0 0 0 0 0 0 
1064 0 0 0 0 0 0 0 0 0 
1072 0 0 0 0 0 0 0 0 0 
1086 0 0 0 0 0 0 0 0 0 
1096 0 0 0 0 0 0 0 0 0 
1106 0 0 0 0 0 0 0 0 0 
1119 0 0 0 0 0 0 0 0 0 
1131 0 0 0 0 0 0 0 0 0 
1146 0 0 0 0 0 0 0 0 0 
1157 0 0 0 0 0 0 0 0 0 
1165 0 0 0 0 0 0 0 0 0 
1175 0 0 0 0 0 0 0 0 0 
1187 0 0 0 0 0 0 0 0 0 
1196 3 0 0 0 0 0 0 0 0 
1210 4 0 0 0 0 0 0 0 0 
1220 6 0 0 0 0 0 0 0 0 
1228 10 0 0 0 0 0 0 0 0 
1236 14 0 0 0 0 0 0 0 0 
1240 17 0 0 0 0 0 0 0 0 
1244 21 0 0 0 0 0 0 0 0 
1246 25 0 0 0 0 0 0 0 0 
1249 28 0 0 0 0 0 0 0 0 
1254 31 0 0 0 0 0 0 0 0 
1257 32 0 0 0 0 0 0 0 0 
1262 34 0 0 0 0 0 0 0 0 
1271 32 0 0 0 0 0 0 0 0 
1276 34 0 0 0 0 0 0 0 0 
1282 33 0 0 0 0 0 0 0 0 
1287 35 0 0 0 0 0 0 0 0 
1290 36 0 0 0 0 0 0 0 0 
1295 38 0 0 0 0 0 0 0 0 
1296 41 0 0 0 0 0 0 0 0 
1301 44 0 0 0 0 0 0 0 0 
1302 43 0 0 0 0 0 0 0 0 
1307 48 0 0 0 0 0 0 0 0 
1314 47 0 0 0 0 0 0 0 0 
1315 50 0 0 0 0 0 0 0 0 
1321 51 0 0 0 0 0 0 0 0 
1322 50 0 0 0 0 0 0 0 0 
1323 52 0 0 0 0 0 0 0 0 
1328 49 0 0 0 0 0 0 0 0 
1329 51 0 0 0 0 0 0 0 0 
1336 57 0 0 0 0 0 0 0 0 
1338 56 0 0 0 0 0 0 0 0 
1345 61 0 0 0 0 0 0 0 0 
1351 63 0 0 0 0 0 0 0 0 
1352 66 0 0 0 0 0 0 0 0 
1360 65 0 0 0 0 0 0 0 0 
1361 68 0 0 0 0 0 0 0 0 
1370 70 0 0 0 0 0 0 0 0 
1379 65 0 0 0 0 0 0 0 0 
1387 70 0 0 0 0 0 0 0 0 
1390 75 0 0 0 0 0 0 0 0 
1397 70 0 0 0 0 0 0 0 0 
1405 74 0 0 0 0 0 0 0 0 
1408 71 0 0 0 0 0 0 0 0 
1423 70 0 0 0 0 0 0 0 0 
1427 76 0 0 0 0 0 0 0 0 
1439 81 0 0 0 0 0 0 0 0 
